
Call:
rda(formula = AusRDC[, c(9, 11:16)] ~ CO2 * Temperature * Drought,      data = AusRDC, scale = TRUE) 

Partitioning of correlations:
              Inertia Proportion
Total           7.000     1.0000
Constrained     1.361     0.1945
Unconstrained   5.639     0.8055

Eigenvalues, and their contribution to the correlations 

Importance of components:
                        RDA1    RDA2    RDA3     RDA4      RDA5    PC1    PC2    PC3    PC4     PC5     PC6     PC7
Eigenvalue            1.0353 0.15033 0.13170 0.037771 0.0061836 1.5643 1.1792 1.0036 0.7258 0.58882 0.41062 0.16635
Proportion Explained  0.1479 0.02148 0.01881 0.005396 0.0008834 0.2235 0.1685 0.1434 0.1037 0.08412 0.05866 0.02376
Cumulative Proportion 0.1479 0.16937 0.18819 0.193584 0.1944670 0.4179 0.5864 0.7298 0.8335 0.91758 0.97624 1.00000

Accumulated constrained eigenvalues
Importance of components:
                        RDA1   RDA2    RDA3    RDA4     RDA5
Eigenvalue            1.0353 0.1503 0.13170 0.03777 0.006184
Proportion Explained  0.7605 0.1104 0.09675 0.02775 0.004543
Cumulative Proportion 0.7605 0.8710 0.96771 0.99546 1.000000

Scaling 2 for species and site scores
* Species are scaled proportional to eigenvalues
* Sites are unscaled: weighted dispersion equal on all dimensions
* General scaling constant of scores:  4.189264 


Species scores

        RDA1     RDA2     RDA3     RDA4     RDA5     PC1
SPA  -0.5463 -0.11299 -0.06632 0.027117 -0.09335  1.2860
PDMC  0.8073 -0.09272  0.19265 0.125384 -0.05234 -0.7688
SLA  -0.5763  0.13402 -0.17646 0.253639  0.01648 -0.2706
LDMC  0.6282 -0.39619 -0.06837 0.088831  0.02860  0.3145
ARA  -0.3745  0.01168  0.32093 0.006130 -0.02686  1.0898
AFH  -0.8610 -0.34304  0.22227 0.009899  0.03798 -0.2218
ASM   0.1926  0.25058  0.31698 0.076681  0.02819  0.5177


Site scores (weighted sums of species scores)

          RDA1      RDA2     RDA3     RDA4      RDA5      PC1
row1  -0.36860 -4.649125 -0.58264 -2.12004   5.09343  0.00702
row2  -1.06341 -2.227516 -0.46238 -3.53807  -0.99234 -0.06181
row3  -1.08987  0.169410  0.61209  0.23789  10.63104  0.19396
row4   0.33589  0.970782 -0.01533 -1.90559   0.66440 -0.44549
row5   1.00007 -0.374966  0.88062  0.09781  -8.24760  0.34500
row6  -0.78998  0.570803 -1.12755  8.31425   1.19389 -0.79443
row7  -0.03534 -0.645466 -0.46298 -1.48129   2.04301 -0.12943
row8  -0.34252  1.637063  2.01335 -0.37657   5.84135 -0.19018
row9   0.63376  0.593721  0.78000 -1.70590   5.17324 -0.21763
row10  1.78027 -0.079870  0.29787  0.28958   3.78324 -0.88362
row11 -0.47108 -0.736579 -0.60668 -2.69201 -11.61636  0.84422
row12  0.23061  1.374442  0.55374 -0.53890  -1.84375  0.22461
row13 -1.98283  0.933834 -1.62281  2.50275  -2.24225  0.66625
row14 -0.57767  1.895456  0.57449 -2.63878   4.33703 -0.88278
row15 -0.47931  0.362456 -1.46747  1.61441   3.29580 -0.18347
row16 -0.81191 -0.159267 -1.71772  6.57407  -9.56794  0.45539
row17  0.21488  0.365568 -3.87222  6.18915   8.40778 -1.19556
row18 -0.31728  0.042502  1.35486 -0.85250  -6.03757  0.23516
row19 -0.96031 -0.775967  2.36680 -0.71589  -6.81318  0.64865
row20 -0.99886 -0.444218 -0.94369  1.94362   1.16273  0.03748
row21 -1.30470 -1.175772 -0.67610  1.75538  -6.20827  0.23385
row22  1.42684  1.102928 -2.64590 -0.69582  -0.08635 -0.54656
row23  0.83846 -0.282536 -1.95854  0.06468  -4.30412  0.07101
row24 -0.16789 -1.026331  0.37913 -3.60749  -1.30296  0.41256
row25 -0.62741 -0.670172 -1.58099  4.91993   7.55699 -0.25940
row26  1.09780 -1.783649  0.10665 -0.48875   8.03214 -0.32179
row27  0.72322  0.120728  3.24930  0.78146   1.85695  0.53768
row28 -0.56182  0.027170  2.90473 -2.25928  -0.12094  0.70137
row29 -0.65565  2.428082  1.20972 -1.53112  -0.67535  1.00712
row30 -0.62203  1.942084  3.87862  0.55800  13.70984 -0.62673
row31 -0.17121 -0.325731  0.21351 -2.20504  -7.60201  0.64091
row32  2.50849 -1.466988 -0.73726  1.95595  -0.21963 -1.25552
row33  0.31268 -0.009769  2.05008 -0.54336   5.77809 -0.09978
row34  1.59158 -0.714760  1.18677  2.05582  11.23953 -0.33454
row35  0.55724 -0.410842 -2.59102 -2.39203  -1.03605  0.73894
row36  0.88259 -0.705472 -0.64852  1.34781  -7.56014  0.88050
row37  0.41215 -0.604413  2.52084  1.55891 -13.21072  1.78667
row38  0.22291 -2.287542  0.53361 -1.21128   8.27740 -0.81686
row39  1.44486  0.119497  0.37048  0.09601  -3.51210 -0.64818
row40  0.02276  0.875853 -2.41854 -2.38855   3.08870 -0.52086
row41  0.12539  2.114212  1.11426  0.95074 -10.89485  0.59201
row42 -0.83618  0.494103 -0.98053 -3.47228   2.01696 -0.43383
row43 -1.00879  1.272374 -1.86408 -3.50441   2.49023 -0.09924
row44 -0.26220  0.229415 -1.39012 -1.62693  -5.09411 -0.35432
row45  0.14445  1.914468  1.22154  0.68367  -6.48518  0.04165


Site constraints (linear combinations of constraining variables)

         RDA1     RDA2     RDA3    RDA4    RDA5      PC1
row1  -1.0493 -0.94456 -0.61886 -0.3492  0.1917  0.00702
row2  -1.0493 -0.94456 -0.61886 -0.3492  0.1917 -0.06181
row3  -0.3159  0.44278  0.71253 -0.7547 -0.6563  0.19396
row4  -0.3159  0.44278  0.71253 -0.7547 -0.6563 -0.44549
row5  -0.4243  0.62402 -0.04749  0.8761  0.1605  0.34500
row6  -0.4243  0.62402 -0.04749  0.8761  0.1605 -0.79443
row7  -0.3159  0.44278  0.71253 -0.7547 -0.6563 -0.12943
row8  -0.3159  0.44278  0.71253 -0.7547 -0.6563 -0.19018
row9   0.5022 -0.02125  0.41620 -0.3914  1.2402 -0.21763
row10  0.5022 -0.02125  0.41620 -0.3914  1.2402 -0.88362
row11  0.5022 -0.02125  0.41620 -0.3914  1.2402  0.84422
row12  0.5022 -0.02125  0.41620 -0.3914  1.2402  0.22461
row13 -1.0493 -0.94456 -0.61886 -0.3492  0.1917  0.66625
row14 -1.0493 -0.94456 -0.61886 -0.3492  0.1917 -0.88278
row15  0.5022 -0.02125  0.41620 -0.3914  1.2402 -0.18347
row16 -0.4243  0.62402 -0.04749  0.8761  0.1605  0.45539
row17 -0.4243  0.62402 -0.04749  0.8761  0.1605 -1.19556
row18 -0.3159  0.44278  0.71253 -0.7547 -0.6563  0.23516
row19 -0.3159  0.44278  0.71253 -0.7547 -0.6563  0.64865
row20 -1.0493 -0.94456 -0.61886 -0.3492  0.1917  0.03748
row21 -1.0493 -0.94456 -0.61886 -0.3492  0.1917  0.23385
row22  0.7604  0.44748 -1.21883 -0.4009 -0.3322 -0.54656
row23  0.7604  0.44748 -1.21883 -0.4009 -0.3322  0.07101
row24  0.6235 -0.83140  0.36092  0.5646 -0.5241  0.41256
row25  0.6235 -0.83140  0.36092  0.5646 -0.5241 -0.25940
row26  0.5022 -0.02125  0.41620 -0.3914  1.2402 -0.32179
row27  0.5022 -0.02125  0.41620 -0.3914  1.2402  0.53768
row28 -0.4243  0.62402 -0.04749  0.8761  0.1605  0.70137
row29 -0.4243  0.62402 -0.04749  0.8761  0.1605  1.00712
row30 -0.4243  0.62402 -0.04749  0.8761  0.1605 -0.62673
row31 -0.4243  0.62402 -0.04749  0.8761  0.1605  0.64091
row32  0.6235 -0.83140  0.36092  0.5646 -0.5241 -1.25552
row33  0.6235 -0.83140  0.36092  0.5646 -0.5241 -0.09978
row34  0.7604  0.44748 -1.21883 -0.4009 -0.3322 -0.33454
row35  0.7604  0.44748 -1.21883 -0.4009 -0.3322  0.73894
row36  0.6235 -0.83140  0.36092  0.5646 -0.5241  0.88050
row37  0.6235 -0.83140  0.36092  0.5646 -0.5241  1.78667
row38  0.6235 -0.83140  0.36092  0.5646 -0.5241 -0.81686
row39  0.6235 -0.83140  0.36092  0.5646 -0.5241 -0.64818
row40  0.7604  0.44748 -1.21883 -0.4009 -0.3322 -0.52086
row41  0.7604  0.44748 -1.21883 -0.4009 -0.3322  0.59201
row42 -0.4243  0.62402 -0.04749  0.8761  0.1605 -0.43383
row43 -0.4243  0.62402 -0.04749  0.8761  0.1605 -0.09924
row44 -0.3159  0.44278  0.71253 -0.7547 -0.6563 -0.35432
row45 -0.3159  0.44278  0.71253 -0.7547 -0.6563  0.04165


Biplot scores for constraining variables

                    RDA1    RDA2    RDA3    RDA4    RDA5 PC1
CO22              0.1283 -0.2256 -0.5845 -0.5216  0.5647   0
Temperature2      0.2730  0.6247 -0.3470  0.2574  0.5903   0
Drought1          0.7341 -0.3049 -0.3402  0.1623 -0.4755   0
CO22:Temperature2 0.6342  0.1991 -0.3454 -0.4040  0.5251   0
CO22:Drought1     0.4776  0.2810 -0.7655 -0.2518 -0.2086   0


Centroids for factor constraints

                 RDA1    RDA2    RDA3     RDA4    RDA5 PC1
CO20         -0.06852  0.1204  0.3120  0.27848 -0.3015   0
CO22          0.09376 -0.1648 -0.4270 -0.38107  0.4126   0
Temperature0 -0.17431 -0.3989  0.2216 -0.16436 -0.3770   0
Temperature2  0.16673  0.3816 -0.2119  0.15721  0.3606   0
Drought0     -0.30809  0.1279  0.1428 -0.06811  0.1996   0
Drought1      0.68219 -0.2833 -0.3161  0.15081 -0.4419   0

