
Call:
rda(formula = AusRDL[, c(9, 18, 20:22)] ~ CO2 * Temperature *      Drought, data = AusRDL, scale = TRUE) 

Partitioning of correlations:
              Inertia Proportion
Total           5.000     1.0000
Constrained     1.415     0.2831
Unconstrained   3.585     0.7169

Eigenvalues, and their contribution to the correlations 

Importance of components:
                        RDA1    RDA2    RDA3    RDA4     RDA5    PC1    PC2     PC3     PC4     PC5
Eigenvalue            0.9733 0.28823 0.08988 0.05103 0.012894 1.6589 0.9548 0.46710 0.37215 0.13164
Proportion Explained  0.1947 0.05765 0.01798 0.01021 0.002579 0.3318 0.1910 0.09342 0.07443 0.02633
Cumulative Proportion 0.1947 0.25232 0.27029 0.28050 0.283077 0.6149 0.8058 0.89924 0.97367 1.00000

Accumulated constrained eigenvalues
Importance of components:
                        RDA1   RDA2    RDA3    RDA4    RDA5
Eigenvalue            0.9733 0.2882 0.08988 0.05103 0.01289
Proportion Explained  0.6877 0.2036 0.06350 0.03606 0.00911
Cumulative Proportion 0.6877 0.8913 0.95483 0.99089 1.00000

Scaling 2 for species and site scores
* Species are scaled proportional to eigenvalues
* Sites are unscaled: weighted dispersion equal on all dimensions
* General scaling constant of scores:  3.712688 


Species scores

        RDA1     RDA2     RDA3     RDA4     RDA5     PC1
DA   -0.6865 -0.66603 -0.06796 -0.17012 -0.03852  0.7927
SPA  -0.1515  0.38418  0.20889 -0.17235 -0.12196  1.3620
PDMC  0.2661  0.04593 -0.35168  0.09881 -0.11960 -1.3417
SLA  -0.9827 -0.06626  0.16275  0.25730 -0.04505 -0.2114
LDMC  1.0735 -0.44374  0.22217  0.07793 -0.05343  0.4952


Site scores (weighted sums of species scores)

          RDA1     RDA2    RDA3     RDA4    RDA5       PC1
row1   0.23006 -0.90411 -2.5623  1.66442  4.8421 -0.686686
row2  -1.06055  0.92701 -1.4739  4.62317  6.9336 -0.865924
row3   1.13450 -1.98786  2.5779 -4.61708  0.2662  0.840776
row4  -1.59378 -0.76103  3.4054 -1.04470  0.7606  0.821174
row5  -1.16603 -0.62347  2.6034 -0.69477 -1.4498  0.628151
row6  -0.02714  1.01685  0.4272 -0.32343  2.0456  0.069396
row7  -0.05422  0.58561 -2.3386 -2.22157 -1.6424 -0.115521
row8  -0.67013  0.61033  1.1889  0.35245 -4.2557  0.188146
row9  -0.97790  1.01818  0.5531  0.01172 -3.1960  0.106783
row10  0.09270  1.57507  0.9731  1.68490 -3.0650 -0.001985
row11 -1.52857 -0.66743  2.6263 -0.72769  4.9954  0.592715
row12  0.22999 -0.34140 -1.7065  2.49885  5.3373 -0.778089
row13  0.04635 -0.82717 -3.0313  1.41852  1.7874 -0.796218
row14  0.20495  0.04358  0.2427 -3.10467  1.6742  0.396517
row15  0.66543  0.90894  1.9310 -2.66525 -2.9297  0.645619
row16  0.41824  0.15592 -1.2773 -0.64840  2.5794 -0.127938
row17 -1.25047 -0.14026 -0.6031 -1.38905 -1.1923  0.136304
row18  0.15036  0.25967 -1.3371  2.07076 -2.9395 -0.413280
row19 -0.59822 -0.97595 -2.5389  0.80975 -6.4095 -0.384286
row20  0.60570 -0.71281 -3.7382  1.93845  1.6402 -0.632304
row21  0.88549  0.18903 -5.6906  7.51996  0.3806 -1.658165
row22 -0.08687 -0.17719  2.9730 -1.22802  3.4608  0.448696
row23  0.53597  1.12341  1.5067  2.77641  6.1529 -0.150683
row24  0.40564  1.30072 -1.6895  1.37216 -1.6891 -0.574540
row25 -0.11603 -0.25539  3.0176 -3.93345 -2.8928  0.872463
row26  0.60199  0.28861 -0.9721  1.73206  2.2968 -0.365013
row27 -0.71280 -0.64916  1.0299 -2.62794  4.1646  0.375943
row28 -1.72920 -0.95111 -1.6916  2.84347 -3.7647 -0.514874
row29  1.44105  0.45858  0.2581  0.06344 -2.7343  0.173833
row30  0.58201  1.10722 -0.1499  4.08118  2.2199 -0.799753
row31  0.96363 -0.07335  2.0779 -1.65978 -4.6790  0.349087
row32  1.50639 -0.49344  2.4555 -2.23425 -5.2177  0.465949
row33 -0.12533 -1.11952  0.5002  0.17656  1.2213  0.376252
row34  0.66962 -1.69563 -2.0579 -0.13924  0.2625 -0.463979
row35  1.13637 -0.93038  1.7376 -4.11972 -2.6411  1.005397
row36  0.08440 -0.77456  1.3103 -2.07218  0.9095  0.734987
row37 -0.66118  1.12469  0.9608 -1.59282 -2.8284  0.405173
row38  0.42437  2.20406 -1.2536 -0.13333  1.8051 -0.342284
row39 -0.65681  0.16373 -0.2442 -0.46086 -2.2092  0.038162


Site constraints (linear combinations of constraining variables)

           RDA1      RDA2     RDA3    RDA4    RDA5       PC1
row1  -0.806068 -0.004752  0.11503  0.4106 -0.2609 -0.686686
row2  -0.806068 -0.004752  0.11503  0.4106 -0.2609 -0.865924
row3  -0.191199 -0.835348  0.03268 -0.7363  0.8163  0.840776
row4  -0.806068 -0.004752  0.11503  0.4106 -0.2609  0.821174
row5  -0.806068 -0.004752  0.11503  0.4106 -0.2609  0.628151
row6   0.006191  0.872409 -0.54977 -0.8842 -0.3142  0.069396
row7   0.006191  0.872409 -0.54977 -0.8842 -0.3142 -0.115521
row8  -0.806068 -0.004752  0.11503  0.4106 -0.2609  0.188146
row9  -0.806068 -0.004752  0.11503  0.4106 -0.2609  0.106783
row10  0.462867  0.810388  0.43228  0.5759  1.0069 -0.001985
row11 -0.806068 -0.004752  0.11503  0.4106 -0.2609  0.592715
row12 -0.191199 -0.835348  0.03268 -0.7363  0.8163 -0.778089
row13 -0.191199 -0.835348  0.03268 -0.7363  0.8163 -0.796218
row14  0.006191  0.872409 -0.54977 -0.8842 -0.3142  0.396517
row15  0.462867  0.810388  0.43228  0.5759  1.0069  0.645619
row16  0.462867  0.810388  0.43228  0.5759  1.0069 -0.127938
row17 -0.806068 -0.004752  0.11503  0.4106 -0.2609  0.136304
row18  0.006191  0.872409 -0.54977 -0.8842 -0.3142 -0.413280
row19 -0.806068 -0.004752  0.11503  0.4106 -0.2609 -0.384286
row20  0.671281 -0.481608 -0.93712  0.5844 -0.2040 -0.632304
row21  0.671281 -0.481608 -0.93712  0.5844 -0.2040 -1.658165
row22  0.726957 -0.266478  1.05972 -0.2360 -0.7907  0.448696
row23  0.462867  0.810388  0.43228  0.5759  1.0069 -0.150683
row24 -0.806068 -0.004752  0.11503  0.4106 -0.2609 -0.574540
row25 -0.191199 -0.835348  0.03268 -0.7363  0.8163  0.872463
row26  0.462867  0.810388  0.43228  0.5759  1.0069 -0.365013
row27 -0.191199 -0.835348  0.03268 -0.7363  0.8163  0.375943
row28 -0.191199 -0.835348  0.03268 -0.7363  0.8163 -0.514874
row29  0.671281 -0.481608 -0.93712  0.5844 -0.2040  0.173833
row30  0.726957 -0.266478  1.05972 -0.2360 -0.7907 -0.799753
row31  0.726957 -0.266478  1.05972 -0.2360 -0.7907  0.349087
row32  0.726957 -0.266478  1.05972 -0.2360 -0.7907  0.465949
row33  0.671281 -0.481608 -0.93712  0.5844 -0.2040  0.376252
row34  0.726957 -0.266478  1.05972 -0.2360 -0.7907 -0.463979
row35  0.671281 -0.481608 -0.93712  0.5844 -0.2040  1.005397
row36  0.671281 -0.481608 -0.93712  0.5844 -0.2040  0.734987
row37  0.006191  0.872409 -0.54977 -0.8842 -0.3142  0.405173
row38  0.006191  0.872409 -0.54977 -0.8842 -0.3142 -0.342284
row39 -0.806068 -0.004752  0.11503  0.4106 -0.2609  0.038162


Biplot scores for constraining variables

                    RDA1    RDA2     RDA3    RDA4    RDA5 PC1
CO22              0.4518 -0.3348 -0.28401 0.17122  0.7575   0
Temperature2      0.5548  0.5564 -0.58797 0.09404  0.1675   0
Drought1          0.7344 -0.4047 -0.03107 0.22297 -0.4962   0
CO22:Temperature2 0.6078  0.1114 -0.33175 0.61209  0.3652   0
CO22:Drought1     0.4815 -0.3454 -0.67214 0.41917 -0.1463   0


Centroids for factor constraints

                RDA1    RDA2     RDA3     RDA4     RDA5 PC1
CO20         -0.2361  0.1750  0.14842 -0.08948 -0.39585   0
CO22          0.3056 -0.2265 -0.19208  0.11580  0.51227   0
Temperature0 -0.2900 -0.2908  0.30727 -0.04914 -0.08751   0
Temperature2  0.3752  0.3763 -0.39765  0.06360  0.11325   0
Drought0     -0.2737  0.1508  0.01158 -0.08309  0.18490   0
Drought1      0.6966 -0.3838 -0.02947  0.21149 -0.47065   0

